function failrate = case24_failrate

%% ---------------- ------------------Generation data-------------------------%%
%	Generator MTTF (hours)
	failrate.genmttf = [	450		450		1960	1960	450		...
							450		1960	1960	1200	1200 	...
							1200	950		950		950		10000	...	%10000 bus 14 synchronous compensator
							2940	2940	2940	2940	2940	...
							960		960		1100	1100	1980	...
							1980	1980	1980	1980	1980	...	
							960		960		1150	];

%	Generator MTTR (hours)
	failrate.genmttr = [	50	50	40	40	50	...
							50	40	40	50	50	...
							50	50	50	50	0.1	...	%0.1 bus 14 synchronous compensator
							60	60	60	60	60	...
							40	40	150	150	20	...
							20	20	20	20	20	...
							40	40	100	];

%	Generator force outage rate (1/yr)
%	failrate.genrate = failrate.genmttr ./ (failrate.genmttf + failrate.genmttr);

%	Generator scheduled maintainance weeks (weeks/yr)

	failrate.genweeks = [	2	2	3	3	2	...
							2	3	3	3	3	...
							3	4	4	4	0.1	... %0.1 bus 14 synchronous compensator
							2	2	2	2	2	...
							4	4	6	6	2	...
							2	2	2	2	2	...
							4	4	5	];

%% ---------------------------------Branch data-------------------------%%
%	Branch force outage rate (1/yr)
	failrate.brlambda = [	0.24	0.51	0.33	0.39	0.48	0.38 	...	
				   			0.02	0.36	0.34	0.33	0.30	0.44	...	
				   			0.44	0.02	0.02	0.02	0.02	0.40	...
				   			0.39	0.40	0.52	0.49	0.38	0.33	...
					  		0.41	0.41	0.41	0.35	0.34	0.32	...
					  		0.54	0.35	0.35	0.38	0.38	0.34	...
					  		0.34	0.45	];
	
%	Branch outage durations (hours) 
	failrate.brdur = [	16	10	10	10	10	768	10	10	35	10	10	10	...
						10	768	768	768	768	11	11	11	11	11	11	11	...
						11	11	11	11	11	11	11	11	11	11	11	11	...
						11	11];

%	Branch repair rate (1/yr)
%	failrate.brmiu = 8760./failrate.brdur;
%%----------------------------------End----------------------------------%%
